2.333352427730248646e+00
2.348202304961723108e+00
2.282727212224521907e+00
2.444021676564899881e+00
2.469310434441886581e+00
2.401623101212798872e+00
2.443644566234213666e+00
2.464700108396004730e+00
2.476428225608475309e+00
2.377022465757482106e+00
2.392176634808051539e+00
2.484330407524524276e+00
2.506413902874154775e+00
2.488704938409838086e+00
2.504714110300212848e+00
2.431473473483870773e+00
2.468259472686052280e+00
2.485845161288594785e+00
2.427679408439691322e+00
2.458093989185568429e+00
2.464269040570819858e+00
2.454247619996427598e+00
2.465567491433938496e+00
2.525732286688509909e+00
2.503181054608820677e+00
2.513851573592857047e+00
3.049491032331971829e-01
4.621472468967913194e-01
2.568330904571611284e-01
1.367761223278950888e+00
1.427741343012918884e+00
1.205673305841208576e+00
1.646168948502508611e+00
1.673098258592247367e+00
1.902593563060838822e+00
1.147935464675841954e+00
3.606547220868296377e-01
1.251741320155401960e+00
1.152702261932432526e+00
2.200014986773047099e+01
2.200014986773352277e+01
2.200014986773342685e+01
1.200014991371000406e+01
1.200014991371000406e+01
1.200014991371000406e+01
5.000150118765103180e+00
5.000150118765103180e+00
5.000150118765103180e+00
1.200014986773406456e+01
1.800014986773232195e+01
1.400014991370934681e+01
1.200015011876640969e+01
2.227005672414957838e-01
2.225555175774098782e-01
2.222955995240690208e-01
1.259971543551284545e-01
1.100229822746127406e-01
1.086883129195746894e-01
1.832036489560804893e-01
1.556123445419753393e-01
1.420167652677938874e-01
2.673034180502548707e-01
2.394008415333141737e-01
1.110376861332643544e-01
9.590365001031837811e-02
2.574480802113853439e+00
2.590799154699452433e+00
2.518263688612660811e+00
2.693245657654189440e+00
2.720860885389437378e+00
2.645941588419319590e+00
2.693759079545751778e+00
2.716390549216900041e+00
2.728730026389918351e+00
2.622677752384489303e+00
2.640046331527605705e+00
2.737814741007318808e+00
2.761960052569486734e+00
4.292929301860947788e+00
4.696474693700714020e+00
1.092199563186964480e+17
7.722288014921368000e+16
