1.833414233863864373e+00
1.853860767065783843e+00
1.766930722900559081e+00
1.945382048311740331e+00
1.975578261763232701e+00
1.889979975897471132e+00
1.946732024340682266e+00
1.968999917266025079e+00
1.979515684762221062e+00
1.880109922680537782e+00
1.904174865573081910e+00
1.994124639302998769e+00
2.018412137880564394e+00
2.050485103775070428e+00
2.073264909502992026e+00
1.971203702217428910e+00
2.028313446157582689e+00
2.052855861589419906e+00
1.971374719860400360e+00
2.015852128050705350e+00
2.024549995893378362e+00
2.012005759209588795e+00
2.023325630285455645e+00
2.102033126930697549e+00
2.075908763857104322e+00
2.090152413389203101e+00
3.049491144954687982e-01
4.621472636640170384e-01
2.568330996284456380e-01
1.367761277666581732e+00
1.427741396965488851e+00
1.205673350733653226e+00
1.646169015082563192e+00
1.673098323461993608e+00
1.902593635190145793e+00
1.147935523273411418e+00
3.606547348326321067e-01
1.251741366586621496e+00
1.152702306447721092e+00
2.200015005704771909e+01
2.200015005705076376e+01
2.200015005705076021e+01
1.200015010320183961e+01
1.200015010320183961e+01
1.200015010320183961e+01
5.000150309053181807e+00
5.000150309053181807e+00
5.000150309053181807e+00
1.200015005705130200e+01
1.800015005704955939e+01
1.400015010320119302e+01
1.200015030905447588e+01
2.227005665384098332e-01
2.225555168677814666e-01
2.222955988053160470e-01
1.259971497639489069e-01
1.100229772880536860e-01
1.086883081141870183e-01
1.832036465198275121e-01
1.556123414199161448e-01
1.420167620048939094e-01
2.673034169123069681e-01
2.394008407141258732e-01
1.110376808370570068e-01
9.590364402553391843e-02
2.019763119899635750e+00
2.042190780651652382e+00
1.946106648149173335e+00
2.139315743568926731e+00
2.172356153121451250e+00
2.077931978071716035e+00
2.141119412412311185e+00
2.165155035338738543e+00
2.176025982419571569e+00
2.070169370331042202e+00
2.098106157759343393e+00
2.193242696018197879e+00
2.219824188638808593e+00
2.146464721118015895e+00
2.344325950692256022e+00
1.080998836344092800e+17
7.643090970756694400e+16
