1.682156714423067578e+00
1.696312977377088416e+00
1.635847381815894286e+00
1.793017405013095589e+00
1.817056971730782733e+00
1.753892136842098992e+00
1.792894912401787888e+00
1.813354166362190822e+00
1.825678572661128873e+00
1.726272811724809841e+00
1.737044265678340027e+00
1.830305308917584917e+00
1.851281531577586570e+00
1.872530122873268033e+00
1.887917430098084326e+00
1.817313056830027085e+00
1.852244937361664956e+00
1.869203613759766291e+00
1.813158080155790941e+00
1.842292626396253574e+00
1.848243224492477133e+00
1.838446257901594549e+00
1.849766128561440848e+00
1.908281192384569724e+00
1.886041324624613491e+00
1.896400478872259043e+00
3.049490884376417354e-01
4.621472311278500000e-01
2.568330829792980774e-01
1.367761220187550641e+00
1.427741331690855153e+00
1.205673303848840971e+00
1.646168962947326841e+00
1.673098273385139390e+00
1.902593582662570615e+00
1.147935468734873510e+00
3.606547043463827484e-01
1.251741295611461968e+00
1.152702275647094821e+00
2.200014983123116252e+01
2.200014983123420009e+01
2.200014983123420009e+01
1.200014987718492954e+01
1.200014987718492954e+01
1.200014987718492954e+01
5.000150082124764417e+00
5.000150082124764417e+00
5.000150082124764417e+00
1.200014983123474721e+01
1.800014983123299217e+01
1.400014987718427761e+01
1.200015008212607270e+01
2.227005674110588695e-01
2.225555177474633217e-01
2.222955996943287160e-01
1.259971547409415582e-01
1.100229836441062176e-01
1.086883131892782961e-01
1.832036492485420998e-01
1.556123453905713938e-01
1.420167653627981974e-01
2.673034183112518170e-01
2.394008417202047323e-01
1.110376882946361998e-01
9.590365297258703070e-02
1.856099644308115471e+00
1.871619435386157937e+00
1.804630553515241598e+00
1.974665679000876084e+00
2.000942945634351933e+00
1.931158179527766805e+00
1.974905418898566856e+00
1.996965157470750762e+00
2.009868397845481436e+00
1.903841377238467691e+00
1.917018530388570730e+00
2.015982597038361135e+00
2.038931440869140577e+00
2.146465625623559692e+00
2.348124085576868136e+00
1.078939949368103360e+17
7.628537447628099200e+16
