1.677489105358890731e+00
1.691464161671987876e+00
1.632852082152372430e+00
1.820543939653211929e+00
1.849045006471737418e+00
1.785492719000031814e+00
1.799115162236746057e+00
1.826528090834747653e+00
1.839129501074218798e+00
1.721134978008451721e+00
1.732934937421490851e+00
1.865944695933962505e+00
1.894458253889531818e+00
1.868717126105205351e+00
1.883389433855996220e+00
1.814309471730974455e+00
1.841546484375881310e+00
1.858620600688246638e+00
1.804312789242512372e+00
1.829835497071409023e+00
1.836056741390734492e+00
1.825134274446380322e+00
1.838546752044776023e+00
1.904398003027512720e+00
1.876596843706987983e+00
1.887474525381471757e+00
4.343846530050633481e-01
6.522628386831433867e-01
3.600279662965638061e-01
1.962114115057552288e+00
2.021787358999535655e+00
1.695235256498936582e+00
2.365596553218798803e+00
2.374420066554213893e+00
2.679011394887091502e+00
1.784846221661096299e+00
5.080253622967534355e-01
1.769872589082380987e+00
1.636257205366130840e+00
2.200000000011926460e+01
2.200000000011926460e+01
2.200000000011926460e+01
1.200000000011926637e+01
1.200000000011926637e+01
1.200000000011926637e+01
5.000000000119265486e+00
5.000000000119265486e+00
5.000000000119265486e+00
1.200000000011926637e+01
1.800000000011926460e+01
1.400000000011926637e+01
1.200000000011926460e+01
2.229649582324557677e-01
2.227515032223190417e-01
2.223818439678327818e-01
8.530609561088225989e-02
6.458988986259489584e-02
6.525605720449256797e-02
1.677922655425373721e-01
1.322945249369124610e-01
1.176803607752414660e-01
2.661807439942805442e-01
2.395610729624404189e-01
6.190792816225071382e-02
3.960020107955568303e-02
1.851242225774591743e+00
1.866495689757045051e+00
1.801502077362353793e+00
2.003791720933792764e+00
2.034899486930560553e+00
1.964761890470413608e+00
1.980773380251048321e+00
2.010368987579338462e+00
2.023443467153826170e+00
1.897597164908484180e+00
1.912713574493313251e+00
2.054007948554648966e+00
2.085110445739711160e+00
2.146464646173437796e+00
2.348270518392855166e+00
8.182108386952029189e-02
5.785113196889032916e-02
