1.828327783932907735e+00
1.848688929543921056e+00
1.763732679404898640e+00
1.972787457585311044e+00
2.007423134061547820e+00
1.921482854897398784e+00
1.953227107385153039e+00
1.982368133576060787e+00
1.993241447278176093e+00
1.875246921535234312e+00
1.899748391454644914e+00
2.029513797208798653e+00
2.061271714441854641e+00
2.046297525991354060e+00
2.068427709777731049e+00
1.967977754106986499e+00
2.017271856488169757e+00
2.041966315445915114e+00
1.962289700962880357e+00
2.003093683296619520e+00
2.012061320895771832e+00
1.998392460552231853e+00
2.011804938459875736e+00
2.097842180849664118e+00
2.066156996862591022e+00
2.080918702434300105e+00
4.343846699216028506e-01
6.522628641628531732e-01
3.600279802446536559e-01
1.962114199634873435e+00
2.021787442651781230e+00
1.695235326231703699e+00
2.365596657528212354e+00
2.374420168308525536e+00
2.679011507897345101e+00
1.784846313080099556e+00
5.080253814589028583e-01
1.769872660482583182e+00
1.636257275870706795e+00
2.200000205154616850e+01
2.200000205154619692e+01
2.200000205154647404e+01
1.200000205161553701e+01
1.200000205161553701e+01
1.200000205161553701e+01
5.000002051907971534e+00
5.000002051907971534e+00
5.000002051907971534e+00
1.200000205154561783e+01
1.800000205154621113e+01
1.400000205161536115e+01
1.200000205190830371e+01
2.229649501103788956e-01
2.227514950893284551e-01
2.223818358276996032e-01
8.530608034601759593e-02
6.458987413375934239e-02
6.525604237946400210e-02
1.677922517118388690e-01
1.322945101264693391e-01
1.176803457431053052e-01
2.661807321584286345e-01
2.395610636172084140e-01
6.190791204497517880e-02
3.960018211588046955e-02
2.015039126014101178e+00
2.037308371048019318e+00
1.943326152452911737e+00
2.168876593065508285e+00
2.206727691597369478e+00
2.111980565951204536e+00
2.147869688386826681e+00
2.179353475740910984e+00
2.190483433909196531e+00
2.064802842118937942e+00
2.094062582927934457e+00
2.231570536900967294e+00
2.266231713410620685e+00
2.146464658658629343e+00
2.345145480384142722e+00
1.079019146741618080e+17
7.629096958138443200e+16
